$ 1 0.000005 31.41906602856942 86 5 53 5e-11
r 272 224 272 288 0 220
R 80 352 32 352 0 0 40 10 0 0 0.5
r 272 128 272 192 0 220
r 384 192 384 336 0 50000
g 384 336 384 368 0 0
O 384 192 448 192 1 0
g 352 64 352 96 0 0
w 272 64 272 128 1
w 160 208 80 352 1
w 272 192 384 192 0
w 352 64 272 64 1
O 272 224 336 224 1 0
w 272 288 144 288 3
R 96 64 48 64 0 0 40 0 0 0 0.5
j 224 208 272 208 33 -4 0.00125
w 144 352 144 288 0
r 160 208 224 208 0 100
r 80 352 144 352 0 1000
r 144 352 208 352 0 1000
w 384 336 208 352 3
o 5 128 0 4098 0.0000762939453125 0.00001220703125 0 1
o 13 128 0 4099 0.0000762939453125 0.00009765625 1 2 13 3
